167
0 96 576
0 160 576
0 224 576
0 288 576
0 352 576
0 416 576
0 480 576
0 544 576
0 608 576
0 672 576
0 736 576
0 800 576
0 864 576
0 928 576
0 992 576
0 1056 576
0 1120 576
0 1184 576
0 1248 576
0 1312 576
0 1376 576
0 1440 576
0 1504 576
0 1568 576
0 1632 576
0 1696 576
0 1760 576
0 1824 576
0 1824 608
0 1824 640
0 1824 672
0 1824 704
0 1824 736
0 1824 768
0 1824 800
0 1824 832
0 1824 864
0 1824 896
0 1824 928
0 1824 960
0 1824 992
0 1824 1024
0 1760 1024
0 1696 1024
0 1632 1024
0 1568 1024
0 1504 1024
0 1440 1024
0 1376 1024
0 1312 1024
0 1248 1024
0 1184 1024
0 1120 1024
0 1056 1024
0 992 1024
0 928 1024
0 864 1024
0 800 1024
0 736 1024
0 672 1024
0 608 1024
0 544 1024
0 480 1024
0 416 1024
0 352 1024
0 288 1024
0 224 1024
0 160 1024
0 96 1024
0 96 992
0 96 960
0 96 928
0 96 896
0 96 864
0 96 832
0 96 800
0 96 768
0 96 736
0 96 704
0 96 672
0 96 640
0 96 608
1 480 608
1 544 608
1 608 608
1 672 608
1 736 608
1 512 640
1 576 640
1 640 640
1 704 640
1 672 672
1 608 672
1 544 672
1 576 704
1 640 704
1 608 736
2 928 608
2 928 640
2 928 672
2 992 672
2 992 640
2 992 608
2 1696 608
2 1696 640
2 1696 672
2 1696 704
2 1696 736
2 1696 768
1 1280 608
1 1344 608
1 1280 640
1 1344 640
1 1344 672
1 1280 672
1 1248 704
1 1312 704
1 1376 704
2 288 944
2 352 960
2 352 928
2 416 944
2 640 896
2 672 928
2 736 944
2 704 896
2 768 912
2 800 944
2 832 912
2 800 880
2 1120 880
2 1152 912
2 1184 944
2 1216 912
2 1248 880
2 1184 880
2 1152 848
2 1216 848
2 1184 816
2 1472 944
2 1536 944
2 1600 944
2 1504 912
2 1568 912
2 1536 976
3 960 704
3 960 736
3 960 768
3 1632 832
3 1696 800
3 1696 832
3 1632 800
3 1568 816
2 416 768
2 352 768
2 352 736
2 352 704
2 352 672
2 352 640
2 352 608
2 288 672
2 288 704
2 256 736
2 256 768
2 192 752
2 224 640
2 224 608
