77
2 896 816
2 832 816
2 768 816
2 704 816
2 960 816
2 1024 816
2 1088 816
2 1056 848
2 992 848
2 928 848
2 864 848
2 800 848
2 736 848
0 896 784
0 896 752
0 896 720
0 832 720
0 832 688
0 896 688
0 960 720
0 960 688
2 704 784
2 704 752
2 1088 784
2 1088 752
2 768 720
2 768 688
2 832 656
2 896 656
2 960 656
2 1024 720
2 1024 688
2 832 592
2 960 592
2 1024 592
2 768 592
2 768 560
2 704 560
2 704 528
2 640 528
2 640 496
2 576 496
2 1024 560
2 1088 560
2 1088 528
2 1152 528
2 1152 496
2 1216 496
3 608 656
3 608 592
3 672 624
3 736 624
3 800 624
3 864 624
3 928 624
3 896 592
3 992 624
3 1056 624
3 1120 624
3 1184 656
3 1184 592
3 960 784
3 1024 784
3 1024 752
3 960 752
3 832 784
3 768 784
3 768 752
3 832 752
3 800 880
3 800 912
3 800 944
3 736 944
3 992 944
3 1056 944
3 992 912
3 992 880
