210
0 864 704
0 992 704
0 992 672
0 864 672
0 864 640
0 992 640
1 992 608
1 928 608
1 864 608
1 800 608
1 800 640
1 800 672
1 800 704
1 800 736
1 800 768
1 864 768
1 928 768
1 992 768
1 1056 768
1 1056 736
1 1056 704
1 1056 672
1 1056 640
1 1056 608
2 800 576
2 736 576
2 736 608
2 736 640
2 736 672
2 736 704
2 736 736
2 736 768
2 736 800
2 800 800
2 864 800
2 928 800
2 992 800
2 1056 800
2 1120 800
2 1120 768
2 1120 736
2 1120 704
2 1120 672
2 1120 640
2 1120 608
2 1120 576
2 1056 576
2 992 576
2 928 576
2 864 576
3 736 544
3 800 544
3 864 544
3 928 544
3 992 544
3 1056 544
3 1120 544
3 1184 544
3 1184 576
3 1120 832
3 1056 832
3 992 832
3 928 832
3 864 832
3 800 832
3 736 832
3 672 832
3 672 800
3 672 768
3 672 736
3 672 704
3 672 672
3 672 640
3 672 608
3 672 576
3 672 544
4 608 864
4 608 800
4 608 736
4 608 672
4 608 608
4 608 544
4 672 512
4 800 512
4 928 512
4 1056 512
4 1184 512
4 1248 544
3 1184 608
3 1184 640
3 1184 672
3 1184 704
3 1184 736
3 1184 768
3 1184 800
3 1184 832
4 1248 608
4 1248 672
4 1248 736
4 1248 800
4 1248 864
4 1120 864
4 992 864
4 864 864
4 736 864
5 608 512
5 608 576
5 608 640
5 608 704
5 608 768
5 608 832
5 672 864
5 800 864
5 928 864
5 1056 864
5 1184 864
5 1248 832
5 1248 768
5 1248 704
5 1248 640
5 1248 576
5 1248 512
5 1120 512
5 992 512
5 864 512
5 736 512
1 800 480
1 864 480
1 992 480
1 1056 480
1 832 448
1 896 448
1 960 448
1 1024 448
1 864 416
1 992 416
1 896 384
1 960 384
1 896 352
1 960 352
1 896 320
1 960 320
1 896 288
1 960 288
1 896 256
1 960 256
1 800 896
1 864 896
1 992 896
1 1056 896
1 1024 928
1 960 928
1 896 928
1 832 928
1 864 960
1 992 960
1 960 992
1 896 992
1 896 1024
1 960 1024
1 544 768
1 544 736
1 544 640
1 544 608
1 480 624
1 480 656
1 480 720
1 480 752
1 416 736
1 416 704
1 416 672
1 416 640
1 352 656
1 352 688
1 352 720
1 1312 768
1 1312 736
1 1312 640
1 1312 608
1 1376 624
1 1376 656
1 1376 720
1 1376 752
1 1440 736
1 1440 704
1 1440 672
1 1440 640
1 1504 656
1 1504 688
1 1504 720
1 1568 704
1 1568 672
3 544 704
3 544 672
3 480 688
3 1312 704
3 1312 672
3 1376 688
3 928 480
3 928 416
3 928 896
3 928 960
3 1632 688
3 288 688
3 864 736
3 928 736
3 992 736
3 928 704
3 928 672
3 928 640
